30		0.019980
70		0.010000
150		0.049940
300		0.069920
350		0.089940
700		0.169640
1000	0.319440
2000	0.728800
2500	0.998020
7500	3.424100
8000	3.603840
8500	3.783480
9000	4.072820
9500	4.302760
10000	4.622380
10500	4.931420
11000	5.172440
11500	5.320860
12000	5.659680
12500	5.939720
13000	6.127120
13500	6.558800
14000	6.718400
14500	6.927980
15000	7.157680
16000	7.936280
17000	8.195960
18000	8.984280
19000	9.403680
20000	9.883560
21000	10.481960
22000	10.849820
23000	11.629960
24000	12.129300
25000	12.298720
26000	13.257140
27000	13.686480
28000	14.554720
29000	15.084080
30000	15.583160
35000	18.458360
50000	22.399260
70000	29.059880
100000	28.878640
150000	29.818960
300000	30.177800
350000	29.848660
500000	29.630000
700000	29.738520
1000000	30.338040
1500000	29.957980
3500000	30.408040
5000000	29.987900