1		0
2		0
4		0
8		0
10		0
16		0
20		0
32		0
40		0
64		0
80		0.0005
100		0.000499
128		0.000499
160		0.000499
200		0.000499
256		0.000499
320		0.000999
400		0.001498
512		0.001996
640		0.002495
800		0.002995
1000		0.003993
1024		0.004492
1280		0.00549
1600		0.007487
2000		0.009483
2048		0.010482
2560		0.012978
3200		0.01747
4000		0.022461
5120		0.02945
6400		0.036937
8000		0.046422
10240		0.064389
12800		0.079364
16000		0.126283
20480		0.132772
25600		0.175698
32000		0.2306
51200		0.304976
64000		0.339416
102400		0.379351
128000		0.397316
204800		0.396817
256000		0.405304
512000		0.404803
1024000		0.404306
2048000		0.386835