1		0
2		0
4		0
8		0
10		0
16		0
20		0
32		0
40		0
64		0
80		0
100		0
128		0
160		0
200		0
256		0.000499
320		0
400		0.0005
512		0
640		0.000499
800		0
1000		0.000499
1024		0.0005
1280		0.000499
1600		0.000998
2000		0.000998
2048		0.000499
2560		0.000999
3200		0.000998
4000		0.001497
5120		0.002495
6400		0.002995
8000		0.003494
10240		0.004991
12800		0.004992
16000		0.008485
20480		0.009983
25600		0.012978
32000		0.014975
51200		0.020463
64000		0.02296
102400		0.028451
128000		0.02945
204800		0.029449
256000		0.02895
512000		0.029949
1024000		0.029951
2048000		0.02895