---------------Insert------------------
0.123786
0.122792
0.122288
0.121292
0.118795
0.115802
0.118796
0.119295
0.120798
0.118794
0.120286
0.121291
0.13477
0.120794
0.119794
0.120293
0.118807
0.121791
0.120294
0.123286
---------------Search------------------
0.020964
0.020963
0.020462
0.019467
0.018467
0.021457
0.021961
0.021464
0.020963
0.021463
0.020466
0.021464
0.019967
0.017968
0.022461
0.01897
0.020464
0.019966
0.021963
0.021463
---------------Delete------------------
0.286515
0.287014
0.28601
0.285005
0.291499
0.288006
0.286007
0.286507
0.281519
0.288005
0.288999
0.282516
0.286009
0.28551
0.285011
0.285011
0.279535
0.285509
0.282516
0.281517
